+62.65
+68.85
+81.86
+61.75
-94.51
-3.50
+79.00
-48.39
-88.32
-56.29
-38.07
+87.87
+66.61
-24.87
-76.48
-83.18
+68.42
+43.56
+86.20
+24.05
+41.11
-16.53
-68.89
+23.04
-57.99
+7.95
-85.39
+50.34
-13.27
-85.85
+58.30
+58.61
-98.63
-17.55
+73.76
+93.48
-88.34
-26.44
-12.88
+62.93
-44.51
+88.63
+84.56
+88.01
-75.76
-78.71
-55.56
-41.43
+74.62
-10.57
+44.63
+84.00
-55.28
-89.73
+50.16
-61.22
-85.74
-38.21
+73.53
+93.83
+81.92
-99.32
-85.68
-71.49
-56.95
-69.00
-42.54
+53.75
+98.12
-91.09
-67.34
+18.47
+9.66
-81.04
-56.21
+91.31
-94.00
-73.33
+52.32
+92.65
+97.67
-10.59
-64.74
-80.29
-81.08
+66.23
+49.72
-76.68
-56.72
+15.48
-31.15
+36.75
-59.79
-11.58
-26.67
+49.23
+56.85
-31.65
-80.62
+29.17
-59.69
+90.48
-42.83
-85.57
-99.11
-29.13
+63.97
+50.13
-1.15
+52.72
+55.44
-28.92
-24.74
-55.76
-96.09
+0.24
-84.70
+9.04
-4.85
+26.27
-42.66
-8.16
+71.06
-63.12
+17.57
+20.64
-84.77
-45.02
-97.90
-13.72
-1.90
+94.87
+10.92
-58.07
+50.99
+27.23
-11.23
+5.42
+40.44
+77.58
+2.46
-66.67
+4.99
+44.60
+8.65
+14.95
+36.38
-92.70
-22.82
-0.89
+36.31
+75.67
+54.07
-22.34
-7.03
+20.02
-7.09
-81.85
+67.54
-8.07
-73.00
-62.83
+51.40
-14.92
+96.29
-65.05
+75.14
-91.86
-49.86
+57.33
-32.81
-83.24
+83.98
+85.12
+5.36
-47.75
+54.30
-7.78
+68.64
+58.08
+30.75
-6.07
-99.15
-86.69
+72.03
-78.06
+85.33
+49.65
+5.45
-45.59
-59.17
+14.27
-74.58
+12.43
+1.92
+6.60
+8.07
-47.70
+50.01
-81.51
-83.35
+9.44
-6.40
-25.30
-83.82
+5.93
+47.18
-38.82
-41.99
-81.18
-99.96
+94.39
+70.07
-44.22
+8.79
-43.23
-23.06
-70.04
+55.43
+90.46
-61.57
-1.09
+57.73
+8.56
-86.85
-30.30
+45.22
-61.50
+11.47
-4.94
+0.93
-38.81
-86.85
+32.41
+59.68
-49.64
-90.93
-79.40
-67.20
-59.22
+14.12
-67.86
-33.58
-87.68
-16.32
-13.24
+87.28
-89.83
+25.42
+44.58
-72.61
+43.80
+29.32
+15.27
-80.29
-35.08
+8.91
-5.06
-40.60
+80.15
-24.28
-46.16
+29.49
-6.49
+73.49
+59.39
-31.88
-16.48
-94.36
+83.65
-94.92
+27.61
+87.43
-54.98
+21.54
-60.98
+6.80
-13.68
-33.99
+60.06
+96.43
-91.68
-73.31
+60.48
+59.17
-8.50
+46.88
-77.03
-89.67
-41.81
+43.84
+35.93
+64.53
-66.74
-0.02
+27.01
-44.75
-47.66
-48.67
+26.96
+73.41
+51.62
+24.19
-19.50
-98.67
-35.96
+55.19
-34.86
-66.35
+16.86
-7.18
-82.85
+6.65
+63.33
-60.82
-37.91
+83.39
-70.25
+25.97
+92.15
+89.95
-81.36
-78.59
-81.08
-35.34
+7.31
-8.43
-25.46
-86.16
+11.20
+16.47
-21.53
-29.75
-57.04
+85.21
+37.65
-42.86
+0.35
+3.21
-16.61
+86.66
+4.44
-29.58
-92.98
-38.30
+19.27
-26.62
+73.22
+33.14
-47.52
-16.05
+7.16
-90.46
-59.18
-85.28
+8.89
-98.08
-35.75
+84.60
+10.24
+10.50
-68.79
-38.58
-31.97
+17.70
